0.00000000e+00   0   1.40565182e+01   1   5.32128181e+02   2   5.82947144e+02   3   6.22750797e+02   4   6.82697162e+02   5   6.82828121e+02   6   
0.00000000e+00   0   1.03564510e+01   1   3.89612017e+02   2   4.35800884e+02   3   4.67861415e+02   4   5.18131038e+02   5   5.18247593e+02   6   
0.00000000e+00   0   8.45211867e+00   1   3.31868458e+02   2   3.35179073e+02   3   3.54643868e+02   4   4.01070999e+02   5   4.01176460e+02   6   
0.00000000e+00   0   7.48600681e+00   1   2.77357286e+02   2   2.77927581e+02   3   2.85224294e+02   4   3.24161400e+02   5   3.24250106e+02   6   
0.00000000e+00   0   5.88350472e+00   1   2.32807647e+02   2   2.33159275e+02   3   2.37373973e+02   4   2.68360003e+02   5   2.68437641e+02   6   
0.00000000e+00   0   5.12837284e+00   1   1.98545376e+02   2   1.98810796e+02   3   2.01779018e+02   4   2.27183506e+02   5   2.27249743e+02   6   
0.00000000e+00   0   4.53947193e+00   1   1.71346632e+02   2   1.71569273e+02   3   1.73809667e+02   4   1.94789162e+02   5   1.94847414e+02   6   
0.00000000e+00   0   3.90829421e+00   1   1.50612758e+02   2   1.50788325e+02   3   1.52508531e+02   4   1.69762859e+02   5   1.69811264e+02   6   
0.00000000e+00   0   3.54442731e+00   1   1.33399052e+02   2   1.33553324e+02   3   1.34907612e+02   4   1.49510840e+02   5   1.49553559e+02   6   
0.00000000e+00   0   3.03619973e+00   1   1.19548075e+02   2   1.19672277e+02   3   1.20787997e+02   4   1.33347292e+02   5   1.33386127e+02   6   
0.00000000e+00   0   2.86912204e+00   1   1.08032178e+02   2   1.08143865e+02   3   1.09073471e+02   4   1.19858896e+02   5   1.19894513e+02   6   
0.00000000e+00   0   2.62858443e+00   1   9.81458747e+01   2   9.82469931e+01   3   9.90177047e+01   4   1.08608164e+02   5   1.08639385e+02   6   
0.00000000e+00   0   2.32929564e+00   1   8.96606241e+01   2   8.97468349e+01   3   9.04048742e+01   4   9.88917287e+01   5   9.89194855e+01   6   
0.00000000e+00   0   2.07602217e+00   1   8.20553282e+01   2   8.21317214e+01   3   8.27060020e+01   4   9.02178810e+01   5   9.02438369e+01   6   
0.00000000e+00   0   1.92037984e+00   1   7.59649677e+01   2   7.60354708e+01   3   7.65340412e+01   4   8.32979944e+01   5   8.33215281e+01   6   
0.00000000e+00   0   1.84437454e+00   1   7.02900043e+01   2   7.03543609e+01   3   7.07819125e+01   4   7.68580456e+01   5   7.68796142e+01   6   
0.00000000e+00   0   1.75482272e+00   1   6.52299623e+01   2   6.52896918e+01   3   6.56684718e+01   4   7.12861775e+01   5   7.13054781e+01   6   
0.00000000e+00   0   1.56887681e+00   1   6.08783498e+01   2   6.09329313e+01   3   6.12619682e+01   4   6.63347364e+01   5   6.63536387e+01   6   
0.00000000e+00   0   1.57059942e+00   1   5.68721940e+01   2   5.69234686e+01   3   5.72165210e+01   4   6.18895620e+01   5   6.19068869e+01   6   
0.00000000e+00   0   1.47553076e+00   1   5.35484233e+01   2   5.35958569e+01   3   5.38493651e+01   4   5.80921260e+01   5   5.81078728e+01   6   
0.00000000e+00   0   1.34606828e+00   1   5.01240610e+01   2   5.01690847e+01   3   5.04022182e+01   4   5.43600250e+01   5   5.43752125e+01   6   
0.00000000e+00   0   1.31737135e+00   1   4.73984977e+01   2   4.74381718e+01   3   4.76472392e+01   4   5.13310932e+01   5   5.13448413e+01   6   
0.00000000e+00   0   1.17402488e+00   1   4.47495502e+01   2   4.47875420e+01   3   4.49759835e+01   4   4.83959969e+01   5   4.84091945e+01   6   
0.00000000e+00   0   1.08728798e+00   1   4.23281673e+01   2   4.23642850e+01   3   4.25352218e+01   4   4.57226913e+01   5   4.57353352e+01   6   
0.00000000e+00   0   1.07570089e+00   1   4.01228978e+01   2   4.01574016e+01   3   4.03117798e+01   4   4.33084426e+01   5   4.33201213e+01   6   
0.00000000e+00   0   1.06480777e+00   1   3.81336430e+01   2   3.81661088e+01   3   3.83061538e+01   4   4.11345207e+01   5   4.11453730e+01   6   
0.00000000e+00   0   1.00801194e+00   1   3.63658828e+01   2   3.63968844e+01   3   3.65230611e+01   4   3.91494145e+01   5   3.91599966e+01   6   
0.00000000e+00   0   9.25941688e-01   1   3.46474569e+01   2   3.46767540e+01   3   3.47929282e+01   4   3.73040444e+01   5   3.73136982e+01   6   
0.00000000e+00   0   8.74874722e-01   1   3.31901535e+01   2   3.32182147e+01   3   3.33242183e+01   4   3.56765616e+01   5   3.56858301e+01   6   
0.00000000e+00   0   8.36007998e-01   1   3.17088198e+01   2   3.17343495e+01   3   3.18312618e+01   4   3.40739023e+01   5   3.40826351e+01   6   
0.00000000e+00   0   7.91478966e-01   1   3.03304558e+01   2   3.03549634e+01   3   3.04437728e+01   4   3.25747345e+01   5   3.25832802e+01   6   
0.00000000e+00   0   8.15223070e-01   1   2.91697681e+01   2   2.91932680e+01   3   2.92773790e+01   4   3.12991269e+01   5   3.13072274e+01   6   
0.00000000e+00   0   7.49359424e-01   1   2.80408323e+01   2   2.80633227e+01   3   2.81413797e+01   4   3.00659796e+01   5   3.00735511e+01   6   
0.00000000e+00   0   7.33788777e-01   1   2.69069000e+01   2   2.69287637e+01   3   2.70009334e+01   4   2.88418389e+01   5   2.88491971e+01   6   
0.00000000e+00   0   7.09821937e-01   1   2.59567368e+01   2   2.59777898e+01   3   2.60448729e+01   4   2.77945032e+01   5   2.78016218e+01   6   
0.00000000e+00   0   6.71038337e-01   1   2.50282086e+01   2   2.50482801e+01   3   2.51102968e+01   4   2.67674571e+01   5   2.67742272e+01   6   
0.00000000e+00   0   6.79845225e-01   1   2.41899803e+01   2   2.42093988e+01   3   2.42690564e+01   4   2.58852079e+01   5   2.58916204e+01   6   
0.00000000e+00   0   6.59857628e-01   1   2.34445029e+01   2   2.34633512e+01   3   2.35185031e+01   4   2.50484080e+01   5   2.50547126e+01   6   
0.00000000e+00   0   6.05540564e-01   1   2.26838694e+01   2   2.27019680e+01   3   2.27543223e+01   4   2.42328400e+01   5   2.42390059e+01   6   
0.00000000e+00   0   5.83435805e-01   1   2.18611709e+01   2   2.18788010e+01   3   2.19280670e+01   4   2.33338401e+01   5   2.33396633e+01   6   
0.00000000e+00   0   5.61208386e-01   1   2.12715991e+01   2   2.12885986e+01   3   2.13347385e+01   4   2.27027605e+01   5   2.27085329e+01   6   
0.00000000e+00   0   4.66101370e-01   1   1.83443695e+01   2   1.83592354e+01   3   1.83943844e+01   4   1.95459973e+01   5   1.95509712e+01   6   
0.00000000e+00   0   4.33251313e-01   1   1.61282951e+01   2   1.61415556e+01   3   1.61703830e+01   4   1.71857284e+01   5   1.71901187e+01   6   
0.00000000e+00   0   3.69408115e-01   1   1.32116446e+01   2   1.32224190e+01   3   1.32459986e+01   4   1.40442469e+01   5   1.40478708e+01   6   
0.00000000e+00   0   2.94827702e-01   1   1.10762482e+01   2   1.10854257e+01   3   1.11026639e+01   4   1.17682682e+01   5   1.17713529e+01   6   
0.00000000e+00   0   2.68129146e-01   1   9.63969918e+00   2   9.64779517e+00   3   9.66240825e+00   4   1.02422767e+01   5   1.02449952e+01   6   
0.00000000e+00   0   2.31647533e-01   1   8.52152568e+00   2   8.52892965e+00   3   8.53993410e+00   4   9.06333260e+00   5   9.06585050e+00   6   
0.00000000e+00   0   2.13324411e-01   1   7.68883197e+00   2   7.69598782e+00   3   7.70611709e+00   4   8.18388275e+00   5   8.18609908e+00   6   
0.00000000e+00   0   1.78997718e-01   1   7.01876262e+00   2   7.02542562e+00   3   7.03492740e+00   4   7.47785994e+00   5   7.47993360e+00   6   
0.00000000e+00   0   1.67921968e-01   1   6.53382473e+00   2   6.53978130e+00   3   6.54898914e+00   4   6.97271317e+00   5   6.97463910e+00   6   
0.00000000e+00   0   1.59950739e-01   1   6.08768011e+00   2   6.09331276e+00   3   6.10201210e+00   4   6.49734718e+00   5   6.49911569e+00   6   
0.00000000e+00   0   1.53900448e-01   1   5.75734759e+00   2   5.76274708e+00   3   5.77155996e+00   4   6.15500161e+00   5   6.15669997e+00   6   
0.00000000e+00   0   1.24863955e-01   1   5.08714612e+00   2   5.09199937e+00   3   5.09835968e+00   4   5.44851637e+00   5   5.45002394e+00   6   
0.00000000e+00   0   1.15139928e-01   1   4.57400628e+00   2   4.57849552e+00   3   4.58426616e+00   4   4.91228049e+00   5   4.91366310e+00   6   
0.00000000e+00   0   9.99911419e-02   1   3.96758646e+00   2   3.97156676e+00   3   3.97646638e+00   4   4.27774802e+00   5   4.27917477e+00   6   
0.00000000e+00   0   8.74971687e-02   1   3.57483034e+00   2   3.57846614e+00   3   3.58272331e+00   4   3.86839923e+00   5   3.86970642e+00   6   
0.00000000e+00   0   8.10760390e-02   1   3.29384794e+00   2   3.29725810e+00   3   3.30193260e+00   4   3.57569027e+00   5   3.57695055e+00   6   
0.00000000e+00   0   7.02934398e-02   1   3.09010717e+00   2   3.09335899e+00   3   3.09761804e+00   4   3.36453423e+00   5   3.36586707e+00   6   
0.00000000e+00   0   6.68566928e-02   1   2.93285922e+00   2   2.93598677e+00   3   2.93979769e+00   4   3.19157473e+00   5   3.19286403e+00   6   
0.00000000e+00   0   6.38556719e-02   1   2.81209021e+00   2   2.81512016e+00   3   2.81898466e+00   4   3.06330059e+00   5   3.06442199e+00   6   
0.00000000e+00   0   6.32896630e-02   1   2.70958349e+00   2   2.71256641e+00   3   2.71591320e+00   4   2.95417023e+00   5   2.95533697e+00   6   
0.00000000e+00   0   5.94982385e-02   1   2.62425637e+00   2   2.62712919e+00   3   2.63072434e+00   4   2.86842460e+00   5   2.86954869e+00   6   
0.00000000e+00   0   5.95034405e-02   1   2.55067899e+00   2   2.55361381e+00   3   2.55668345e+00   4   2.78884524e+00   5   2.78989023e+00   6   
0.00000000e+00   0   5.41601401e-02   1   2.48831103e+00   2   2.49111322e+00   3   2.49450044e+00   4   2.72426198e+00   5   2.72522370e+00   6   
0.00000000e+00   0   5.62295328e-02   1   2.43314658e+00   2   2.43591217e+00   3   2.43926335e+00   4   2.66735431e+00   5   2.66840344e+00   6   
0.00000000e+00   0   4.83167097e-02   1   2.23943947e+00   2   2.24208889e+00   3   2.24512143e+00   4   2.46308048e+00   5   2.46408787e+00   6   
0.00000000e+00   0   4.61454150e-02   1   2.11814075e+00   2   2.12064608e+00   3   2.12366205e+00   4   2.32756355e+00   5   2.32849095e+00   6   
0.00000000e+00   0   4.32675207e-02   1   2.03410440e+00   2   2.03653242e+00   3   2.03919611e+00   4   2.24178905e+00   5   2.24270000e+00   6   
0.00000000e+00   0   4.27393221e-02   1   1.97118672e+00   2   1.97352551e+00   3   1.97634380e+00   4   2.17266018e+00   5   2.17356184e+00   6   
0.00000000e+00   0   4.20601772e-02   1   1.92190686e+00   2   1.92421499e+00   3   1.92716926e+00   4   2.12039169e+00   5   2.12130301e+00   6   
0.00000000e+00   0   4.01750836e-02   1   1.88285120e+00   2   1.88511708e+00   3   1.88796003e+00   4   2.08126926e+00   5   2.08216256e+00   6   
0.00000000e+00   0   3.93137426e-02   1   1.85037071e+00   2   1.85258789e+00   3   1.85536996e+00   4   2.04601056e+00   5   2.04690527e+00   6   
0.00000000e+00   0   3.89181302e-02   1   1.82249492e+00   2   1.82471721e+00   3   1.82763466e+00   4   2.01610223e+00   5   2.01700614e+00   6   
0.00000000e+00   0   3.85099709e-02   1   1.79875255e+00   2   1.80094137e+00   3   1.80377699e+00   4   1.99395563e+00   5   1.99485208e+00   6   
